00000000000000000000000000000000000000000000000000000000000000
00000000000000000000000000000000000000000000000000000000000000
00000000000000000000000000000000000000000000000000000000000000
00000000000000000000000000000000000000000000000000000000000000
00000000000000000000000000000000000000000000000000000000000000
00000000000000000000000000000000000000000000000000000000000000
00009090000000000000000000000000000000000000000000000000000000
00011111000000000a00000000000000000000000000000000000000000000
07111111111111111111160000000000000000000000000000000000000000
001111111111111111111000000a0000000000000000000000000000000000
00188888888888888888100005111111111100000000000000000000000000
00188888888888888888100000111111111100000000000000000000000000
00111111111111111111100000111111111100000000000000000000000000
00111111111111111111100000111111111100000000000000000000000000
00188888888888888888100000111111111100000000000000000000000000
00188888888888888888100000111111111100000000000000000000000000
00111111111111111111100000111111111100000000000000000000000000
00111111111111111111100000111111111100000000000000000000000000